+---------------------------------------------------------------------------------------------------------------------------------------------------------------------------------------------------------------------------+
; Legal Partition Candidates                                                                                                                                                                                                ;
+----------------------+-------+----------------+--------------+----------------+--------+-----------------+---------------+-----------------+-------+----------------+--------------+------------------+-------------------+
; Hierarchy            ; Input ; Constant Input ; Unused Input ; Floating Input ; Output ; Constant Output ; Unused Output ; Floating Output ; Bidir ; Constant Bidir ; Unused Bidir ; Input only Bidir ; Output only Bidir ;
+----------------------+-------+----------------+--------------+----------------+--------+-----------------+---------------+-----------------+-------+----------------+--------------+------------------+-------------------+
; StatusPoll           ; 16    ; 0              ; 16           ; 0              ; 8      ; 0               ; 0             ; 0               ; 0     ; 0              ; 0            ; 0                ; 0                 ;
; UltrasonicController ; 9     ; 82             ; 9            ; 82             ; 90     ; 82              ; 82            ; 82              ; 0     ; 0              ; 0            ; 0                ; 0                 ;
; EncoderHandler       ; 21    ; 82             ; 21           ; 82             ; 82     ; 82              ; 82            ; 82              ; 0     ; 0              ; 0            ; 0                ; 0                 ;
; MotorDriver          ; 84    ; 2              ; 84           ; 2              ; 32     ; 2               ; 2             ; 2               ; 0     ; 0              ; 0            ; 0                ; 0                 ;
; SPISlave             ; 309   ; 82             ; 309          ; 82             ; 83     ; 82              ; 82            ; 82              ; 0     ; 0              ; 0            ; 0                ; 0                 ;
; SPIHost              ; 3     ; 146            ; 3            ; 146            ; 156    ; 146             ; 146           ; 146             ; 0     ; 0              ; 0            ; 0                ; 0                 ;
; I2CSlave             ; 307   ; 82             ; 307          ; 82             ; 82     ; 82              ; 82            ; 82              ; 1     ; 0              ; 1            ; 0                ; 1                 ;
; I2CHost              ; 2     ; 2              ; 2            ; 2              ; 3      ; 2               ; 2             ; 2               ; 1     ; 0              ; 1            ; 0                ; 1                 ;
; UART0                ; 387   ; 2              ; 387          ; 2              ; 3      ; 2               ; 2             ; 2               ; 0     ; 0              ; 0            ; 0                ; 0                 ;
+----------------------+-------+----------------+--------------+----------------+--------+-----------------+---------------+-----------------+-------+----------------+--------------+------------------+-------------------+
